// PROVENANCE: as glue-ratio-tables header in repo file. 512-float LUTs, center-relative indexing (kernel: entries table[255+idx]..table[256+idx], idx in [-255,255], linear interp).
== DAT_104cd0a80
TABLE 104cd0a80 count=512 (GhidraScript)  
-3.559010,-3.553440,-3.547860,-3.542280,-3.536690,-3.531100,-3.525510,-3.519910,
-3.514310,-3.508710,-3.503100,-3.497490,-3.491880,-3.486260,-3.480640,-3.475020,
-3.469390,-3.463760,-3.458120,-3.452480,-3.446830,-3.441190,-3.435530,-3.429880,
-3.424210,-3.418550,-3.412880,-3.407200,-3.401520,-3.395830,-3.390140,-3.384450,
-3.378750,-3.373040,-3.367330,-3.361610,-3.355890,-3.350160,-3.344430,-3.338690,
-3.332950,-3.327200,-3.321440,-3.315670,-3.309900,-3.304130,-3.298340,-3.292550,
-3.286750,-3.280950,-3.275130,-3.269310,-3.263480,-3.257650,-3.251800,-3.245950,
-3.240090,-3.234220,-3.228340,-3.222450,-3.216550,-3.210640,-3.204720,-3.198790,
-3.192850,-3.186900,-3.180940,-3.174970,-3.168980,-3.162980,-3.156970,-3.150950,
-3.144910,-3.138860,-3.132790,-3.126710,-3.120620,-3.114500,-3.108380,-3.102230,
-3.096070,-3.089880,-3.083680,-3.077460,-3.071220,-3.064950,-3.058670,-3.052360,
-3.046020,-3.039660,-3.033280,-3.026860,-3.020420,-3.013940,-3.007440,-3.000900,
-2.994320,-2.987710,-2.981060,-2.974370,-2.967630,-2.960850,-2.954010,-2.947130,
-2.940190,-2.933190,-2.926120,-2.918990,-2.911790,-2.904500,-2.897140,-2.889680,
-2.882130,-2.874470,-2.866690,-2.858790,-2.850750,-2.842550,-2.834200,-2.825650,
-2.816900,-2.807930,-2.798700,-2.789190,-2.779360,-2.769170,-2.758580,-2.747530,
-2.735960,-2.723820,-2.711030,-2.697520,-2.683240,-2.668140,-2.652180,-2.635370,
-2.617750,-2.599390,-2.580390,-2.560850,-2.540870,-2.520560,-2.500000,-2.479250,
-2.458370,-2.437390,-2.416330,-2.395230,-2.374100,-2.352940,-2.331760,-2.310560,
-2.289360,-2.268150,-2.246930,-2.225710,-2.204480,-2.183250,-2.162020,-2.140780,
-2.119540,-2.098300,-2.077060,-2.055810,-2.034560,-2.013310,-1.992060,-1.970800,
-1.949540,-1.928280,-1.907010,-1.885750,-1.864480,-1.843210,-1.821930,-1.800650,
-1.779370,-1.758090,-1.736800,-1.715510,-1.694220,-1.672920,-1.651620,-1.630320,
-1.609020,-1.587710,-1.566400,-1.545080,-1.523760,-1.502440,-1.481110,-1.459780,
-1.438450,-1.417110,-1.395770,-1.374430,-1.353080,-1.331730,-1.310370,-1.289010,
-1.267640,-1.246270,-1.224900,-1.203520,-1.182140,-1.160750,-1.139360,-1.117960,
-1.096560,-1.075150,-1.053740,-1.032320,-1.010900,-0.989470,-0.968036,-0.946596,
-0.925151,-0.903700,-0.882242,-0.860779,-0.839309,-0.817832,-0.796349,-0.774859,
-0.753363,-0.731859,-0.710348,-0.688829,-0.667303,-0.645769,-0.624227,-0.602677,
-0.581118,-0.559551,-0.537975,-0.516390,-0.494796,-0.473192,-0.451578,-0.429954,
-0.408319,-0.386674,-0.365018,-0.343350,-0.321671,-0.299979,-0.278276,-0.256559,
-0.234829,-0.213086,-0.191329,-0.169557,-0.147771,-0.125970,-0.104154,-0.082328,
-0.081929,-0.103477,-0.125008,-0.146522,-0.168022,-0.189506,-0.210976,-0.232432,
-0.253875,-0.275305,-0.296722,-0.318126,-0.339519,-0.360901,-0.382271,-0.403630,
-0.424979,-0.446317,-0.467646,-0.488965,-0.510274,-0.531574,-0.552865,-0.574148,
-0.595422,-0.616687,-0.637945,-0.659195,-0.680437,-0.701672,-0.722899,-0.744119,
-0.765332,-0.786539,-0.807738,-0.828931,-0.850118,-0.871299,-0.892473,-0.913642,
-0.934804,-0.955961,-0.977112,-0.998258,-1.019400,-1.040530,-1.061660,-1.082790,
-1.103910,-1.125020,-1.146130,-1.167240,-1.188340,-1.209440,-1.230530,-1.251620,
-1.272700,-1.293780,-1.314850,-1.335930,-1.356990,-1.378060,-1.399120,-1.420170,
-1.441220,-1.462270,-1.483320,-1.504360,-1.525390,-1.546430,-1.567460,-1.588490,
-1.609510,-1.630530,-1.651550,-1.672560,-1.693580,-1.714580,-1.735590,-1.756590,
-1.777590,-1.798590,-1.819580,-1.840580,-1.861570,-1.882550,-1.903540,-1.924520,
-1.945490,-1.966470,-1.987440,-2.008410,-2.029380,-2.050350,-2.071310,-2.092270,
-2.113230,-2.134190,-2.155140,-2.176090,-2.197040,-2.217980,-2.238920,-2.259860,
-2.280790,-2.301720,-2.322630,-2.343540,-2.364420,-2.385290,-2.406130,-2.426930,
-2.447660,-2.468320,-2.488870,-2.509260,-2.529450,-2.549360,-2.568900,-2.587990,
-2.606500,-2.624350,-2.641450,-2.657740,-2.673200,-2.687840,-2.701690,-2.714790,
-2.727230,-2.739050,-2.750320,-2.761110,-2.771470,-2.781440,-2.791070,-2.800400,
-2.809460,-2.818280,-2.826880,-2.835280,-2.843510,-2.851570,-2.859490,-2.867280,
-2.874940,-2.882490,-2.889940,-2.897300,-2.904560,-2.911750,-2.918860,-2.925890,
-2.932870,-2.939780,-2.946630,-2.953420,-2.960170,-2.966870,-2.973520,-2.980130,
-2.986700,-2.993230,-2.999720,-3.006180,-3.012610,-3.019000,-3.025360,-3.031700,
-3.038010,-3.044290,-3.050540,-3.056780,-3.062990,-3.069170,-3.075340,-3.081480,
-3.087610,-3.093720,-3.099800,-3.105880,-3.111930,-3.117970,-3.123990,-3.130000,
-3.135990,-3.141960,-3.147930,-3.153880,-3.159810,-3.165740,-3.171650,-3.177550,
-3.183440,-3.189320,-3.195180,-3.201040,-3.206890,-3.212720,-3.218550,-3.224360,
-3.230170,-3.235970,-3.241760,-3.247540,-3.253310,-3.259080,-3.264830,-3.270580,
-3.276320,-3.282060,-3.287780,-3.293500,-3.299220,-3.304920,-3.310620,-3.316310,
-3.322000,-3.327680,-3.333350,-3.339020,-3.344680,-3.350340,-3.355990,-3.361640,
-3.367280,-3.372910,-3.378540,-3.384160,-3.389780,-3.395400,-3.401010,-3.406610,
-3.412210,-3.417810,-3.423400,-3.428990,-3.434570,-3.440150,-3.445720,-3.451290,
-3.456860,-3.462420,-3.467980,-3.473530,-3.479080,-3.484630,-3.490170,-3.495710,
-3.501250,-3.506780,-3.512310,-3.517830,-3.523360,-3.528870,-3.534390,-3.539900,
 (GhidraScript)  
INFO  REPORT: Save succeeded for processed file: /Live.arm64 (HeadlessAnalyzer)  
== DAT_104cd1280
TABLE 104cd1280 count=512 (GhidraScript)  
-6.797000,-6.763510,-6.730020,-6.696520,-6.663030,-6.629530,-6.596040,-6.562540,
-6.529040,-6.495550,-6.462050,-6.428550,-6.395050,-6.361550,-6.328050,-6.294540,
-6.261040,-6.227540,-6.194030,-6.160530,-6.127020,-6.093510,-6.060010,-6.026500,
-5.992990,-5.959480,-5.925970,-5.892450,-5.858940,-5.825430,-5.791910,-5.758400,
-5.724880,-5.691360,-5.657850,-5.624330,-5.590810,-5.557290,-5.523760,-5.490240,
-5.456720,-5.423190,-5.389670,-5.356140,-5.322610,-5.289090,-5.255560,-5.222030,
-5.188490,-5.154960,-5.121430,-5.087890,-5.054360,-5.020820,-4.987280,-4.953750,
-4.920210,-4.886670,-4.853120,-4.819580,-4.786040,-4.752490,-4.718940,-4.685400,
-4.651850,-4.618300,-4.584750,-4.551190,-4.517640,-4.484090,-4.450530,-4.416970,
-4.383420,-4.349860,-4.316290,-4.282730,-4.249170,-4.215600,-4.182040,-4.148470,
-4.114900,-4.081330,-4.047760,-4.014190,-3.980610,-3.947040,-3.913460,-3.879880,
-3.846300,-3.812720,-3.779130,-3.745550,-3.711960,-3.678370,-3.644780,-3.611190,
-3.577600,-3.544010,-3.510410,-3.476810,-3.443210,-3.409610,-3.376010,-3.342400,
-3.308800,-3.275190,-3.241580,-3.207970,-3.174350,-3.140740,-3.107120,-3.073500,
-3.039880,-3.006260,-2.972630,-2.939010,-2.905380,-2.871740,-2.838110,-2.804480,
-2.770840,-2.737200,-2.703560,-2.669910,-2.636260,-2.602620,-2.568960,-2.535310,
-2.501650,-2.468000,-2.434340,-2.400670,-2.367010,-2.333340,-2.299670,-2.265990,
-2.232320,-2.198640,-2.164960,-2.131270,-2.097580,-2.063890,-2.030200,-1.996500,
-1.962800,-1.929100,-1.895400,-1.861690,-1.827980,-1.794260,-1.760540,-1.726820,
-1.693100,-1.659370,-1.625630,-1.591900,-1.558160,-1.524420,-1.490670,-1.456920,
-1.423160,-1.389400,-1.355640,-1.321880,-1.288100,-1.254330,-1.220550,-1.186770,
-1.152980,-1.119180,-1.085390,-1.051580,-1.017780,-0.983963,-0.950145,-0.916322,
-0.882494,-0.848661,-0.814822,-0.780977,-0.747127,-0.713271,-0.679409,-0.645541,
-0.611666,-0.577785,-0.543898,-0.510005,-0.476104,-0.442196,-0.408281,-0.374359,
-0.340429,-0.306491,-0.272545,-0.238592,-0.204630,-0.170659,-0.136680,-0.102692,
-0.068696,-0.034689,-0.000674,0.033350,0.067383,0.101422,0.135465,0.169504,
0.203526,0.237507,0.271396,0.305101,0.338450,0.371144,0.402699,0.432439,
0.459616,0.483660,0.504396,0.522033,0.536998,0.549763,0.560755,0.570322,
0.578740,0.586222,0.592933,0.599003,0.604533,0.609605,0.614282,0.618619,
0.622659,0.626437,0.629983,0.633324,0.636479,0.639469,0.642308,0.645011,
0.647589,0.650054,0.652414,0.654678,0.656852,0.658944,0.660960,0.662903,
0.664781,0.666596,0.668352,0.670054,0.671704,0.673305,0.674860,0.676371,
0.676401,0.674911,0.673378,0.671800,0.670176,0.668501,0.666773,0.664989,
0.663144,0.661235,0.659257,0.657206,0.655075,0.652858,0.650549,0.648141,
0.645623,0.642987,0.640221,0.637312,0.634246,0.631006,0.627572,0.623921,
0.620025,0.615852,0.611364,0.606512,0.601239,0.595475,0.589129,0.582090,
0.574215,0.565320,0.555170,0.543465,0.529829,0.513824,0.495001,0.473026,
0.447855,0.419842,0.389644,0.357973,0.325409,0.292341,0.259002,0.225523,
0.191976,0.158399,0.124810,0.091221,0.057637,0.024059,-0.009510,-0.043071,
-0.076622,-0.110165,-0.143699,-0.177224,-0.210741,-0.244250,-0.277750,-0.311243,
-0.344728,-0.378206,-0.411676,-0.445139,-0.478595,-0.512045,-0.545486,-0.578922,
-0.612352,-0.645776,-0.679193,-0.712605,-0.746011,-0.779411,-0.812805,-0.846194,
-0.879578,-0.912956,-0.946330,-0.979698,-1.013060,-1.046420,-1.079770,-1.113120,
-1.146470,-1.179810,-1.213140,-1.246470,-1.279800,-1.313120,-1.346440,-1.379750,
-1.413070,-1.446370,-1.479670,-1.512970,-1.546270,-1.579560,-1.612850,-1.646130,
-1.679410,-1.712690,-1.745970,-1.779240,-1.812510,-1.845770,-1.879030,-1.912290,
-1.945550,-1.978800,-2.012050,-2.045290,-2.078540,-2.111780,-2.145020,-2.178250,
-2.211480,-2.244710,-2.277940,-2.311170,-2.344390,-2.377610,-2.410820,-2.444040,
-2.477250,-2.510460,-2.543670,-2.576870,-2.610080,-2.643280,-2.676480,-2.709670,
-2.742870,-2.776060,-2.809250,-2.842430,-2.875620,-2.908800,-2.941990,-2.975160,
-3.008340,-3.041520,-3.074690,-3.107860,-3.141030,-3.174200,-3.207370,-3.240530,
-3.273690,-3.306860,-3.340010,-3.373170,-3.406330,-3.439480,-3.472630,-3.505780,
-3.538930,-3.572080,-3.605230,-3.638370,-3.671510,-3.704660,-3.737790,-3.770930,
-3.804070,-3.837200,-3.870340,-3.903470,-3.936600,-3.969730,-4.002860,-4.035990,
-4.069110,-4.102230,-4.135360,-4.168480,-4.201600,-4.234720,-4.267830,-4.300950,
-4.334070,-4.367180,-4.400290,-4.433400,-4.466510,-4.499620,-4.532730,-4.565830,
-4.598940,-4.632040,-4.665150,-4.698250,-4.731350,-4.764450,-4.797550,-4.830640,
-4.863740,-4.896840,-4.929930,-4.963020,-4.996110,-5.029200,-5.062290,-5.095380,
-5.128470,-5.161560,-5.194640,-5.227730,-5.260810,-5.293900,-5.326980,-5.360060,
-5.393140,-5.426220,-5.459300,-5.492370,-5.525450,-5.558520,-5.591600,-5.624670,
-5.657750,-5.690820,-5.723890,-5.756960,-5.790030,-5.823100,-5.856160,-5.889230,
-5.922300,-5.955360,-5.988430,-6.021490,-6.054550,-6.087610,-6.120680,-6.153740,
-6.186800,-6.219850,-6.252910,-6.285970,-6.319030,-6.352080,-6.385140,-6.418190,
-6.451250,-6.484300,-6.517350,-6.550400,-6.583450,-6.616500,-6.649550,-6.682600,
 (GhidraScript)  
INFO  REPORT: Save succeeded for processed file: /Live.arm64 (HeadlessAnalyzer)  
== DAT_104cd1a80
TABLE 104cd1a80 count=512 (GhidraScript)  
-16.172199,-16.073200,-15.973500,-15.873900,-15.774200,-15.674500,-15.574800,-15.475100,
-15.375400,-15.275700,-15.176000,-15.076300,-14.976500,-14.876800,-14.777100,-14.677400,
-14.577700,-14.478000,-14.378300,-14.278500,-14.178800,-14.079100,-13.979400,-13.879600,
-13.779900,-13.680200,-13.580400,-13.480700,-13.381000,-13.281200,-13.181500,-13.081700,
-12.982000,-12.882200,-12.782500,-12.682700,-12.583000,-12.483200,-12.383500,-12.283700,
-12.183900,-12.084200,-11.984400,-11.884600,-11.784800,-11.685100,-11.585300,-11.485500,
-11.385700,-11.285900,-11.186100,-11.086300,-10.986500,-10.886700,-10.786900,-10.687100,
-10.587300,-10.487500,-10.387700,-10.287800,-10.188000,-10.088200,-9.988350,-9.888510,
-9.788670,-9.688830,-9.588980,-9.489130,-9.389280,-9.289420,-9.189560,-9.089690,
-8.989820,-8.889950,-8.790070,-8.690180,-8.590300,-8.490400,-8.390510,-8.290610,
-8.190700,-8.090790,-7.990870,-7.890950,-7.791030,-7.691090,-7.591160,-7.491210,
-7.391270,-7.291310,-7.191350,-7.091390,-6.991410,-6.891440,-6.791450,-6.691460,
-6.591460,-6.491460,-6.391450,-6.291430,-6.191400,-6.091370,-5.991330,-5.891280,
-5.791220,-5.691150,-5.591080,-5.491000,-5.390900,-5.290800,-5.190690,-5.090570,
-4.990440,-4.890300,-4.790150,-4.689990,-4.589810,-4.489630,-4.389430,-4.289220,
-4.189000,-4.088760,-3.988510,-3.888250,-3.787980,-3.687680,-3.587380,-3.487050,
-3.386710,-3.286350,-3.185980,-3.085590,-2.985170,-2.884740,-2.784290,-2.683810,
-2.583310,-2.482790,-2.382250,-2.281670,-2.181070,-2.080450,-1.979790,-1.879100,
-1.778380,-1.677630,-1.576840,-1.476010,-1.375140,-1.274230,-1.173270,-1.072270,
-0.971212,-0.870101,-0.768933,-0.667702,-0.566405,-0.465039,-0.363591,-0.262059,
-0.160437,-0.058717,0.043100,0.144950,0.246321,0.343906,0.425314,0.479212,
0.512871,0.535664,0.552444,0.565568,0.576280,0.585300,0.593072,0.599891,
0.605959,0.611421,0.616385,0.620932,0.625126,0.629017,0.632645,0.636042,
0.639236,0.642250,0.645102,0.647809,0.650384,0.652840,0.655187,0.657434,
0.659590,0.661661,0.663654,0.665574,0.667427,0.669216,0.670947,0.672623,
0.674246,0.675822,0.677351,0.678837,0.680282,0.681688,0.683057,0.684392,
0.685693,0.686963,0.688203,0.689414,0.690598,0.691755,0.692888,0.693996,
0.695081,0.696145,0.697187,0.698208,0.699211,0.700194,0.701159,0.702106,
0.703037,0.703951,0.704850,0.705733,0.706602,0.707456,0.708297,0.709124,
0.709938,0.710740,0.711530,0.712308,0.713074,0.713829,0.714574,0.715308,
0.716032,0.716746,0.717450,0.718145,0.718830,0.719507,0.720175,0.720835,
0.721486,0.722129,0.722765,0.723392,0.724013,0.724626,0.725231,0.725830,
0.725842,0.725251,0.724654,0.724050,0.723438,0.722819,0.722193,0.721559,
0.720918,0.720268,0.719610,0.718944,0.718269,0.717585,0.716892,0.716190,
0.715478,0.714756,0.714024,0.713282,0.712529,0.711765,0.710989,0.710202,
0.709403,0.708591,0.707766,0.706929,0.706077,0.705211,0.704331,0.703436,
0.702525,0.701598,0.700654,0.699692,0.698713,0.697715,0.696697,0.695660,
0.694601,0.693520,0.692417,0.691289,0.690137,0.688959,0.687754,0.686520,
0.685257,0.683962,0.682635,0.681273,0.679875,0.678438,0.676961,0.675441,
0.673876,0.672263,0.670598,0.668880,0.667103,0.665264,0.663359,0.661382,
0.659328,0.657191,0.654964,0.652639,0.650207,0.647659,0.644981,0.642162,
0.639185,0.636032,0.632681,0.629106,0.625276,0.621152,0.616687,0.611821,
0.606477,0.600554,0.593917,0.586379,0.577672,0.567392,0.554901,0.539115,
0.518029,0.487604,0.439755,0.365374,0.271395,0.171765,0.071286,-0.029218,
-0.129634,-0.229953,-0.330182,-0.430326,-0.530389,-0.630384,-0.730311,-0.830176,
-0.929983,-1.029740,-1.129440,-1.229090,-1.328700,-1.428260,-1.527790,-1.627280,
-1.726730,-1.826140,-1.925530,-2.024880,-2.124200,-2.223500,-2.322770,-2.422010,
-2.521230,-2.620420,-2.719590,-2.818740,-2.917870,-3.016980,-3.116070,-3.215140,
-3.314200,-3.413230,-3.512250,-3.611260,-3.710240,-3.809220,-3.908180,-4.007120,
-4.106050,-4.204970,-4.303880,-4.402770,-4.501650,-4.600520,-4.699380,-4.798230,
-4.897060,-4.995890,-5.094710,-5.193510,-5.292310,-5.391100,-5.489880,-5.588650,
-5.687410,-5.786160,-5.884910,-5.983650,-6.082380,-6.181100,-6.279810,-6.378520,
-6.477220,-6.575920,-6.674600,-6.773280,-6.871960,-6.970630,-7.069290,-7.167940,
-7.266590,-7.365240,-7.463880,-7.562510,-7.661140,-7.759760,-7.858380,-7.956990,
-8.055590,-8.154200,-8.252790,-8.351390,-8.449970,-8.548560,-8.647140,-8.745710,
-8.844280,-8.942850,-9.041410,-9.139970,-9.238520,-9.337070,-9.435620,-9.534160,
-9.632700,-9.731230,-9.829770,-9.928290,-10.026800,-10.125300,-10.223900,-10.322400,
-10.420900,-10.519400,-10.617900,-10.716400,-10.814900,-10.913400,-11.011900,-11.110400,
-11.208900,-11.307300,-11.405800,-11.504300,-11.602800,-11.701200,-11.799700,-11.898200,
-11.996700,-12.095100,-12.193600,-12.292000,-12.390500,-12.488900,-12.587400,-12.685800,
-12.784300,-12.882700,-12.981200,-13.079600,-13.178000,-13.276500,-13.374900,-13.473300,
-13.571800,-13.670200,-13.768600,-13.867000,-13.965500,-14.063900,-14.162300,-14.260700,
-14.359100,-14.457500,-14.555900,-14.654400,-14.752800,-14.851200,-14.949600,-15.048000,
-15.146400,-15.244800,-15.343200,-15.441500,-15.539900,-15.638300,-15.736700,-15.835100,
 (GhidraScript)  
INFO  REPORT: Save succeeded for processed file: /Live.arm64 (HeadlessAnalyzer)  
